INITIAL:
0.1 1 4.71239
TARGET:
83 33 1.0472
OBSTACLES:
((10,0)(90,10))
((10,30)(80,35))
((85,30)(90,35))
((10,35)(90,40))
MAP SIZE: ((0,0)(100,50))

Generate RRT:
NUMBER OF NODES IN GRAPH: 1 11
NODE: (0.1,1,4.71239)->(0.1,1,4.71239)|(0.1,1,0)|
NODE: (0.1,1,0)->(0.1,1,0)|(2.21885,1,0)|
NODE: (2.21885,1,0)->(2.21885,1,0)|(2.21885,1,1.5708)|
NODE: (2.21885,1,1.5708)->(2.21885,1,1.5708)|(2.21885,27.3664,1.5708)|
NODE: (2.21885,27.3664,1.5708)->(2.21885,27.3664,1.5708)|(2.21885,27.3664,3.41477)|
NODE: (2.21885,27.3664,3.41477)->(2.21885,27.3664,3.41477)|(2.21885,27.3664,0)|
NODE: (2.21885,27.3664,0)->(2.21885,27.3664,0)|(83,27.3664,0)|
NODE: (83,27.3664,0)->(83,27.3664,0)|(83,27.3664,1.5708)|
NODE: (83,27.3664,1.5708)->(83,27.3664,1.5708)|(83,33,1.5708)|
NODE: (83,33,1.5708)->(83,33,1.5708)|(83,33,1.0472)|
NODE: (83,33,1.0472)->(83,33,1.0472)|

Time to execute RRT: 0.0010439 seconds
Running graph search:
(0.1,1,4.71239)->(0.1,1,0)->(2.21885,1,0)->(2.21885,1,1.5708)->(2.21885,27.3664,1.5708)->(2.21885,27.3664,3.41477)->(2.21885,27.3664,0)->(83,27.3664,0)->(83,27.3664,1.5708)->(83,33,1.5708)->(83,33,1.0472)
Time to execute DFS: 0.0001361 seconds