INITIAL:
0.1 1 4.71239
TARGET:
83 7 1.0472
OBSTACLES:
((10,0)(90,5))
((10,5)(80,10))
((85,5)(90,10))
((40,15)(50,40))
((5,0)(7,20))
((5,30)(7,50))
MAP SIZE: ((0,0)(100,50))

Generate RRT:
NUMBER OF NODES IN GRAPH: 33 26
NODE: (0.1,1,4.71239)->(0.1,1,4.71239)|(0.1,1,0)|
NODE: (0.1,1,0)->(0.1,1,0)|(3.17691,1,0)|
NODE: (3.17691,1,0)->(3.17691,1,0)|(3.17691,1,1.5708)|
NODE: (3.17691,1,1.5708)->(3.17691,1,1.5708)|(3.17691,43.3677,1.5708)|
NODE: (3.17691,43.3677,1.5708)->(3.17691,43.3677,1.5708)|(3.17691,43.3677,0.253703)|(3.17691,43.3677,0)|
NODE: (3.17691,43.3677,0.253703)->(3.17691,43.3677,0.253703)|
NODE: (3.17691,43.3677,0)->(3.17691,43.3677,0)|(4.1415,43.3677,0)|
NODE: (4.1415,43.3677,0)->(4.1415,43.3677,0)|(4.1415,43.3677,4.71239)|
NODE: (4.1415,43.3677,4.71239)->(4.1415,43.3677,4.71239)|(4.1415,28.7736,4.71239)|
NODE: (4.1415,28.7736,4.71239)->(4.1415,28.7736,4.71239)|(4.1415,28.7736,0.80043)|(4.1415,28.7736,0)|
NODE: (4.1415,28.7736,0.80043)->(4.1415,28.7736,0.80043)|
NODE: (4.1415,28.7736,0)->(4.1415,28.7736,0)|(36.3948,28.7736,0)|
NODE: (36.3948,28.7736,0)->(36.3948,28.7736,0)|(36.3948,28.7736,4.71239)|(36.3948,28.7736,3.14159)|
NODE: (36.3948,28.7736,4.71239)->(36.3948,28.7736,4.71239)|(36.3948,25.3988,4.71239)|
NODE: (36.3948,25.3988,4.71239)->(36.3948,25.3988,4.71239)|(36.3948,25.3988,0.490071)|
NODE: (36.3948,25.3988,0.490071)->(36.3948,25.3988,0.490071)|
NODE: (36.3948,28.7736,3.14159)->(36.3948,28.7736,3.14159)|(31.9645,28.7736,3.14159)|
NODE: (31.9645,28.7736,3.14159)->(31.9645,28.7736,3.14159)|(31.9645,28.7736,1.5708)|
NODE: (31.9645,28.7736,1.5708)->(31.9645,28.7736,1.5708)|(31.9645,45.6178,1.5708)|
NODE: (31.9645,45.6178,1.5708)->(31.9645,45.6178,1.5708)|(31.9645,45.6178,1.94798)|
NODE: (31.9645,45.6178,1.94798)->(31.9645,45.6178,1.94798)|(31.9645,45.6178,0)|
NODE: (31.9645,45.6178,0)->(31.9645,45.6178,0)|(83,45.6178,0)|
NODE: (83,45.6178,0)->(83,45.6178,0)|(83,45.6178,4.71239)|
NODE: (83,45.6178,4.71239)->(83,45.6178,4.71239)|(83,7,4.71239)|
NODE: (83,7,4.71239)->(83,7,4.71239)|(83,7,1.0472)|
NODE: (83,7,1.0472)->(83,7,1.0472)|

Time to execute RRT: 0.0219136 seconds
Running graph search:
(0.1,1,4.71239)->(0.1,1,0)->(3.17691,1,0)->(3.17691,1,1.5708)->(3.17691,43.3677,1.5708)->(3.17691,43.3677,0)->(4.1415,43.3677,0)->(4.1415,43.3677,4.71239)->(4.1415,28.7736,4.71239)->(4.1415,28.7736,0)->(36.3948,28.7736,0)->(36.3948,28.7736,3.14159)->(31.9645,28.7736,3.14159)->(31.9645,28.7736,1.5708)->(31.9645,45.6178,1.5708)->(31.9645,45.6178,1.94798)->(31.9645,45.6178,0)->(83,45.6178,0)->(83,45.6178,4.71239)->(83,7,4.71239)->(83,7,1.0472)
Time to execute DFS: 0.0006153 seconds